0 0.009765625 0.3185934166666667 0.02125 0.075834
0 0.056640625 0.445 0.114375 0.12583300000000008
0 0.123046875 0.5885934166666668 0.2475 0.32583399999999996
0 0.14402343750000002 0.36812466666666666 0.15499999999999997 0.116667
0 0.197109375 0.29598925 0.10687499999999997 0.07166700000000004
0 0.5195703125 0.593958 0.24499999999999994 0.2825
0 0.6410546875 0.3309378333333333 0.19374999999999998 0.09083300000000001
0 0.7062109375 0.4751559166666666 0.295625 0.15500000000000003
0 0.6598828125 0.3872399166666667 0.1975 0.09250000000000003
0 0.8451953125 0.602917 0.3075 0.31499999999999995
