0 0.8498715 0.6461930833333334 0.2972619999999999 0.37913099999999994
0 0.107421875 0.9102855 0.216428 0.17391300000000007
0 0.150390625 0.674484 0.301173 0.346087
0 0.1650390625 0.47452933333333336 0.33116 0.29217400000000004
0 0.22799324999999998 0.41373166666666666 0.258149 0.210435
0 0.263891125 0.39504724999999996 0.192959 0.196522
0 0.29715525 0.36856 0.16558 0.15652199999999997
0 0.5833733750000001 0.3434105 0.10690999999999995 0.07826100000000007
0 0.617236125 0.399864 0.16036499999999998 0.15826099999999999
0 0.6628176250000001 0.41721933333333333 0.23989499999999997 0.198261
0 0.767703 0.47497491666666664 0.34550199999999986 0.2800000000000001
