0 0.814453125 0.61265625 0.286875 0.196667
0 0.14453125 0.8364583333333334 0.29 0.3241669999999999
0 0.19140625 0.5973961666666666 0.383125 0.288333
0 0.3058984375 0.5102604166666667 0.24812499999999998 0.20166699999999996
0 0.350625 0.4927083333333333 0.188125 0.1366670000000001
0 0.39828125 0.4463020833333333 0.16500000000000004 0.12916699999999995
0 0.6446875 0.44723925 0.171875 0.134167
0 0.69890625 0.4685940833333333 0.19562500000000005 0.16
0 0.759765625 0.5102604166666667 0.27 0.20166699999999996
0 0.9005078125 0.8344274166666666 0.1975 0.3275000000000001
