0 0.643515625 0.449583 0.61375 0.438334
0 0.4233984375 0.31036458333333333 0.34374999999999994 0.08333299999999995
0 0.3256640625 0.4614583333333333 0.143125 0.0741670000000001
0 0.3083203125 0.5754163333333334 0.08937499999999998 0.106667
0 0.5315234375 0.5745309166666667 0.4675 0.12416699999999992
0 0.5293749999999999 0.5680208333333333 0.439375 0.15333299999999994
0 0.4387109375 0.7404684166666667 0.23375 0.170834
0 0.6184765624999999 0.8392190833333334 0.471875 0.31750000000000006
0 0.6488671875 0.66526075 0.5218750000000001 0.24416600000000002
0 0.879765625 0.7664059166666667 0.23875000000000002 0.34249999999999997
0 0.891171875 0.9413545 0.21562500000000007 0.11000000000000003
