0 0.171875 0.8945878893740902 0.344375 0.20782800000000012
0 0.1787109375 0.7649100116448325 0.3575 0.29636500000000016
0 0.22140625 0.6851253056768559 0.32062500000000005 0.22087600000000004
0 0.26421875 0.6229858282387192 0.2425 0.16402699999999995
0 0.2897265625 0.5922318282387191 0.22125 0.16402599999999998
0 0.6205859375 0.5751729752547307 0.17125 0.125815
0 0.657734375 0.5880419956331877 0.20000000000000007 0.14165899999999998
0 0.69078125 0.6159392241630277 0.22687499999999994 0.16029799999999994
0 0.7459765625 0.6545482852983989 0.28437500000000004 0.20596499999999998
0 0.8217578125 0.7112109708879185 0.354375 0.26654300000000003
