0 0.327734375 0.7033994421364985 0.41937499999999994 0.487643
0 0.36519531250000004 0.5118381691394659 0.37 0.1929659999999999
0 0.4334375 0.45870254005934724 0.26687500000000003 0.12642599999999998
0 0.4959375 0.40204074480712165 0.17375000000000002 0.09600699999999993
0 0.741875 0.3791816290801187 0.15625 0.068441
0 0.7903515625 0.40336294955489616 0.22187499999999993 0.06654
0 0.8454296875 0.4478092314540059 0.28812499999999996 0.05513300000000003
0 0.8653125 0.48638489910979227 0.266875 0.131178
0 0.906171875 0.5935681810089022 0.18500000000000005 0.11882099999999991
0 0.92484375 0.7728027210682493 0.14875000000000005 0.24334599999999998
