29 0.8012591250000001 0.7944619047619048 0.192222 0.18612500000000004
29 0.21920962500000002 0.9320080952380954 0.27111199999999996 0.13028799999999985
29 0.23977474999999998 0.7646392380952381 0.15000000000000002 0.10321500000000008
29 0.25155337499999997 0.6168421428571429 0.07444500000000001 0.03722500000000008
29 0.26522524999999997 0.6572472380952382 0.10222300000000004 0.040608999999999895
29 0.389296875 0.5969449523809525 0.058889000000000025 0.032149000000000004
29 0.44684050000000003 0.6553513333333333 0.07888899999999999 0.04399299999999997
29 0.4824954375 0.592949238095238 0.061111000000000026 0.04060900000000006
29 0.5173138125000001 0.7239694761904761 0.10444399999999993 0.07783400000000014
29 0.5402734375 0.6164343333333333 0.062222 0.04399299999999997
29 0.619028 0.655759142857143 0.06444400000000006 0.03722499999999999
29 0.6766106875000001 0.8624301904761905 0.16222199999999987 0.13198000000000001
