0 0.03125 0.49583457856093976 0.06375 0.10253999999999994
0 0.2431640625 0.9012432995594715 0.4875 0.19473199999999996
0 0.2234765625 0.482824295154185 0.28437500000000004 0.133584
0 0.511171875 0.8327758751835536 0.465 0.25399799999999995
0 0.641796875 0.704837295154185 0.30875 0.13452499999999995
0 0.6269921875 0.4713065800293686 0.24125000000000008 0.12135399999999998
0 0.727109375 0.6157201497797357 0.23187500000000005 0.09877799999999996
0 0.760390625 0.43064900440528636 0.176875 0.06302900000000002
0 0.7850390625 0.5507642907488988 0.17500000000000004 0.07149600000000003
0 0.8701953125 0.42018614684287814 0.08937499999999998 0.05738499999999999
