0 0.142578125 0.9299770556368959 0.286875 0.1378990000000002
0 0.2470703125 0.7712143265007321 0.494375 0.439962
0 0.4353125 0.71022882284041 0.328125 0.24671700000000005
0 0.5359765624999999 0.6323054421669106 0.25375 0.148218
0 0.5883203125 0.5831135710102489 0.24562500000000004 0.15197000000000005
0 0.6666796875 0.5592756383601757 0.1625000000000001 0.10788000000000013
0 0.708828125 0.5281602210834553 0.12937500000000002 0.07504699999999996
0 0.7419140625 0.5171317364568082 0.11312499999999992 0.08630399999999998
0 0.8710546875 0.9163620863836018 0.25625 0.16322700000000007
0 0.902578125 0.7741667364568082 0.1925 0.08630399999999998
0 0.9155078125 0.70140860761347 0.166875 0.08348900000000001
0 0.9284375 0.636863963396779 0.14125 0.06941899999999986
0 0.9347265625 0.5881540614934114 0.12812500000000004 0.04971900000000009
0 0.93984375 0.5598978038067349 0.11812500000000004 0.042213000000000084
0 0.9449609375 0.539031288433382 0.10812500000000003 0.030957000000000123
0 0.94765625 0.5178671595900439 0.10250000000000004 0.029081000000000006
0 0.9509765625 0.4934771595900439 0.09625000000000006 0.02814300000000003
