0 0.0224609375 0.7585584970760234 0.045625 0.12827700000000009
0 0.083984375 0.6213945906432748 0.168125 0.10393200000000002
0 0.0888671875 0.7063534502923976 0.17875 0.13857700000000012
0 0.103515625 0.8756160175438598 0.20875 0.24625499999999992
0 0.22375 0.8566428771929824 0.31375 0.28277199999999997
0 0.20027343749999998 0.6692625672514619 0.18562500000000004 0.10955000000000004
0 0.23296875 0.5838916959064328 0.18062499999999998 0.07865199999999996
0 0.3354296875 0.8229348771929823 0.28812499999999996 0.28183500000000006
0 0.2886328125 0.6423385204678362 0.166875 0.12265899999999999
0 0.361328125 0.6068724970760234 0.16062500000000002 0.12827799999999998
0 0.4540625 0.7456959707602339 0.26625000000000004 0.259364
0 0.636171875 0.9017342280701754 0.5587500000000001 0.19382100000000005
0 0.4382421875 0.5874566374269007 0.14687499999999998 0.09175999999999994
0 0.5194921875 0.6930970994152046 0.273125 0.226592
0 0.4822265625 0.5577896725146199 0.15875 0.08239699999999994
0 0.5923046875 0.6601123333333333 0.22562499999999996 0.16853900000000005
0 0.5925 0.5327386257309942 0.15812499999999996 0.09456899999999986
0 0.6416015625 0.6310863333333332 0.22187500000000004 0.16853900000000013
0 0.7859375 0.8633779356725146 0.4225000000000001 0.26872699999999994
0 0.693828125 0.6002534152046783 0.19187500000000002 0.148876
0 0.69640625 0.5006237777777778 0.13437500000000002 0.05805300000000002
0 0.7325 0.5824135204678363 0.1875 0.12172299999999991
0 0.74203125 0.5584795321637427 0.19562499999999994 0.11891400000000009
0 0.8272265625 0.7746892631578947 0.31499999999999995 0.18539300000000006
0 0.858515625 0.7021984385964912 0.27125 0.140449
0 0.84671875 0.5334446725146199 0.18062500000000004 0.08426999999999997
0 0.89296875 0.6527534970760234 0.21187500000000004 0.12640400000000007
0 0.91703125 0.6198176257309942 0.16437500000000005 0.09550499999999992
0 0.931328125 0.5689106959064328 0.12937500000000002 0.07865200000000004
