0 0.0400390625 0.6320165461200586 0.081875 0.03658499999999981
0 0.078125 0.7859680863836017 0.15625 0.16322700000000007
0 0.115234375 0.6239153191800878 0.10625000000000001 0.05347099999999991
0 0.30074218750000004 0.6172350614934115 0.11687499999999998 0.04971800000000003
0 0.4143359375 0.6071435768667642 0.04625000000000001 0.06003800000000004
0 0.5333984375 0.6719416749633969 0.21687499999999998 0.038461999999999906
0 0.5793359375 0.7092294421669106 0.2025 0.14821699999999993
0 0.52421875 0.5998229326500731 0.08625 0.044090000000000094
0 0.6262109375 0.5973507057101024 0.10750000000000004 0.06379000000000003
0 0.75546875 0.682690767203514 0.15000000000000002 0.10881799999999993
0 0.7344140625 0.5856376749633967 0.08062500000000006 0.04033800000000002
