0 0.0576171875 0.609167 0.116875 0.37583300000000003
0 0.0962109375 0.4162496666666667 0.170625 0.271667
0 0.20984375 0.5104166666666666 0.21187499999999998 0.27249999999999996
0 0.2774609375 0.5820315833333334 0.265 0.3325
0 0.4528515625 0.6830208333333333 0.34624999999999995 0.4025000000000001
0 0.467578125 0.2978125 0.31812499999999994 0.14083299999999996
0 0.4360546875 0.41578091666666667 0.19374999999999998 0.18500000000000008
0 0.6424609375 0.79921875 0.3275 0.3991670000000001
0 0.6844140625 0.49906283333333334 0.20687499999999992 0.24499999999999997
0 0.716484375 0.36859375 0.16937500000000005 0.11833300000000002
0 0.8208984375 0.5717705000000001 0.249375 0.29833400000000004
0 0.8154296875 0.38869791666666664 0.16312499999999996 0.12333299999999996
0 0.9311328125 0.43213541666666666 0.135625 0.170833
